/	4540	6013	4814	5495	5888	6276	6729	7554	8677	8974	8996	8498	8423	9026	9150	9504	10305	10882	11737	13189	14453	16537	19310	22113	22645	24055	24791	26026	26537	25504	26102	27104	26840	26844	26975	26991	27304	29676	32038	32890	37011	41487	45578	49413	49600	50274	54155	57513	58482	61699	64207	67615	71917	75032	76421	77846	81504	86319	89684	94732	99901	103445	107176	113222	118848	125285	129632	139727	146673	149451	154836	152175	145631	148200	77480	
=	87140	161701	189321	234598	258835	265927	286783	308817	355628	381728	403807	410991	405288	430416	440903	470666	491227	504528	526146	547331	586463	612111	658197	701548	753567	797448	808832	871834	908060	915501	941038	923662	968599	1013461	1054651	1089820	1067240	1097955	1129539	1168777	1221345	1279463	1330006	1328493	1364677	1420512	1471841	1513403	1498295	1525787	1570709	1600061	1623918	1605206	1627684	1646799	1663820	1670995	1667256	1663104	1622131	1628069	1638342	1635751	1639532	1604078	1591767	1567227	1546296	1524343	1475021	1452105	1438202	1298295	1175429	
:	17213	28785	35632	44441	48756	50708	53939	58780	68939	72606	70245	70329	71200	74859	79919	84573	89345	96098	101524	109993	121284	139661	155237	167021	179129	188955	202332	216368	225505	229205	236248	244867	254542	266681	273546	281547	295462	310991	326173	342846	369735	399697	426792	457668	471134	491973	519002	537358	564848	585836	612911	636983	656243	693272	713874	734399	750966	767360	772496	780715	806084	823137	843345	858639	881234	920433	940377	958920	970913	978073	996217	988246	956529	1047348	1047825	
7	14044	20342	25483	29794	32477	32868	35050	38251	45307	48158	48156	48448	48514	51152	56286	57691	60819	64572	67791	74021	80267	93496	103747	115108	122932	129008	135704	144030	148926	149938	154303	156695	160377	169433	176113	179661	183477	195760	206584	217380	238089	261271	283006	299663	306767	319254	342743	361912	373823	391580	412423	431343	450636	467488	484861	499987	518667	532605	546203	558999	569699	588858	606206	628863	655484	681605	709682	740725	763545	780362	791530	807392	794480	923339	1007174	
*	3857	4343	4194	4497	4577	3704	3435	4505	5630	4864	4039	3915	4156	4410	4380	4469	4711	4979	4828	5031	5180	5935	6668	7352	7830	8568	8852	8806	9260	9020	9360	9340	9284	9466	9378	9350	9652	10239	10682	10817	11541	12155	12980	13751	13944	14067	14346	15166	15929	16214	16371	17220	17649	18661	18496	18776	19318	20854	21132	22432	23494	24100	24466	25352	26740	27018	27467	28640	29315	28651	27844	25099	21317	14244	4295	
,	2753	3941	3730	4084	4486	4706	5031	5496	6370	6146	5920	5865	5851	6236	6146	6301	7150	7483	7885	9183	10041	11441	13021	14988	15654	16383	16740	17679	17845	17238	17999	18277	17801	17695	17994	18094	18241	19529	21347	22427	25005	28149	30943	32815	33240	33519	35477	38094	37783	39869	41153	43682	46051	46553	47662	48262	50597	53180	55922	58931	60014	61899	63691	67961	71088	70510	72588	77055	80173	80275	78060	74695	69283	61887	29126	
2	4586	8451	9848	11480	11961	11428	12272	14287	17068	17860	17709	17951	18067	19295	20545	20957	22513	23510	25070	28041	30117	34249	38659	43792	46231	47625	50207	52230	53952	54323	56137	57136	58290	60154	60187	60628	61773	66456	71686	74802	83218	92605	103468	111750	114225	117667	126933	133694	139587	146543	154723	164935	173835	182348	190256	194946	204488	214126	217873	225147	235976	245341	257059	270740	286820	306557	323957	350421	371858	383338	398730	399969	387410	448604	473905	
-	2466	2855	2620	2886	3047	3004	3021	3706	4348	4282	3975	3970	3995	4008	4404	4528	4912	5094	5295	6169	6775	8066	9553	11063	11720	12453	13505	13729	14426	14286	14551	15182	15104	15105	15030	14467	14628	15866	16821	17439	19486	22141	24623	26668	27522	27381	29154	30556	31492	33130	34412	36188	38356	39922	40717	41554	43068	45690	47890	50933	53825	55841	57759	60697	63171	66533	67941	72846	75923	76642	77628	73751	68108	62871	30262	
1	6304	9644	10299	11827	13125	13618	14214	15706	17762	18191	17757	17776	17699	18644	19164	20551	22265	23597	25628	27668	31111	35563	40720	45758	48360	50640	52285	55846	57203	55178	58157	60366	60307	61361	61720	62182	63457	69075	74996	79928	91290	102983	116478	125656	128653	133832	146166	155018	159045	167232	178326	190656	202550	207337	214736	221201	232890	242802	249121	259453	261462	272784	286034	303450	323696	336863	356581	387845	415104	430342	432135	435757	429920	470276	259677	
C	2452764	4542972	4059950	3732277	3507721	3518287	3509256	3291293	2935913	2956921	2945816	2936783	2926802	2746845	2932212	2846724	2689879	2555295	2447906	2325023	2127587	2170174	2034542	1888740	1786950	1665851	1728770	1655319	1574980	1498137	1430618	1467870	1398365	1338867	1288534	1243930	1273802	1211369	1118203	1040463	944956	864077	802566	800686	773273	738937	694187	647335	645395	613012	570848	536289	503491	490433	458453	428003	405575	382023	357790	330296	320296	305677	287518	268888	254438	247267	232870	212868	193436	178500	170131	159585	151658	111368	147291	
0	3253	5738	6247	6880	7106	6879	7052	8252	9939	10493	10438	10263	10405	11173	11718	12102	12768	13232	14422	15678	17113	19403	22004	24694	26300	27690	28623	30072	30966	31325	32758	33202	33235	34425	35154	34763	35826	38026	40502	42114	46008	51748	56274	60166	60890	61557	66292	69291	71392	74538	78759	83490	87117	90141	93035	95484	100209	104173	108423	112200	115047	119868	124179	130747	138674	143317	150629	161615	170415	174925	175426	175915	171042	190209	106557	
.	4502	5220	5094	5348	5542	5511	5790	6567	7606	8082	7304	7036	7118	7357	8096	8193	8620	9028	9902	11001	12109	14112	16574	18578	19826	21196	22473	23597	24529	24613	26012	26584	26321	26281	26609	26345	27246	28931	30543	32133	35399	39730	44397	47376	47715	48910	52070	54808	55402	58873	60989	64799	67439	69153	71074	72727	75819	79659	82778	87261	89138	92227	95201	100543	105608	107669	110881	118586	124510	125179	123741	120938	114859	112072	57256	
@	798730	792675	862727	942207	980833	933573	976612	1052243	1168854	1300756	1374201	1316041	1242161	1271254	1321110	1348754	1344979	1344501	1345769	1346070	1378523	1419685	1451369	1529263	1564409	1601362	1655919	1708444	1720329	1710532	1724121	1766445	1788356	1809043	1876626	1895145	1933035	1937039	1941102	1951643	1955314	1944590	1939955	1970253	1972689	1977307	1963134	2002652	2015835	2000877	1990949	1964500	1937238	1943128	1920398	1898281	1866628	1834425	1846572	1816106	1809864	1771840	1729790	1684470	1625683	1582579	1526249	1451870	1381746	1329031	1291958	1255984	1222719	1033270	968852	
<	51190	74837	89727	107950	113457	105763	111529	124731	150563	166504	169804	167614	161621	169607	183147	187610	189238	194611	201217	210128	222430	249376	267607	287576	306723	319592	333617	358299	373691	374803	379990	383854	398205	415793	432820	444413	453096	468071	478841	492025	518768	546512	573452	599947	612314	635745	665343	687731	712649	728443	752702	767848	781735	805868	821887	833191	843302	859627	867023	866755	881307	890180	898427	906197	917190	940642	951672	952733	951042	948259	951954	947536	927596	948136	898485	
;	47303	82942	97432	117979	128671	130880	135741	140132	154724	161851	169019	171088	170158	177479	181882	188581	191649	197359	207225	217601	231223	248472	264478	285325	303835	316926	320651	341385	349785	349852	359225	358985	373617	389459	409110	421320	424265	441334	456107	474865	503580	536077	569513	584964	602862	632930	666259	698845	719110	741003	770705	794617	816491	838311	862520	882239	899627	907378	917970	921673	927436	945023	964007	977985	998026	1022885	1038488	1049259	1054636	1058000	1055106	1059327	1041627	1042337	981779	
A	2849816	2777300	3005339	3119955	3228707	3221141	3418826	3677929	3945428	4107378	4232060	4163782	4069872	4180614	4083893	4164016	4167743	4188400	4188581	4204556	4268055	4113528	4168597	4212374	4298326	4397158	4301253	4397555	4421614	4437899	4463055	4322407	4362172	4392946	4400976	4409306	4274535	4253225	4242919	4220573	4173126	4104000	4024473	3876236	3842147	3780150	3685553	3606783	3467145	3384509	3305850	3211609	3129774	3002673	2918713	2850174	2764719	2694297	2637825	2578586	2482211	2384600	2295680	2202533	2081483	1942550	1827563	1693206	1573858	1497113	1416104	1328959	1283098	983335	938832	
6	10690	19822	23542	27859	30296	31250	32404	35114	40300	43197	41272	41185	41494	43114	49497	50454	54287	57098	60324	64668	70594	84404	92897	98726	102933	107388	115299	121234	122602	120814	125085	132872	134519	139513	139452	139972	147527	157788	167663	176281	192488	211199	231542	252222	256647	265738	285130	294792	311368	326261	341838	358697	376093	394568	409100	417898	433844	451714	455023	464104	479559	495773	515195	532935	556393	588852	613589	648126	675959	692204	710889	715410	710676	728337	716944	
3	8356	13353	15790	18693	20026	20969	22382	23419	26417	26909	27269	27848	28673	30099	30323	31982	34884	37758	40739	44260	50032	54662	60556	68802	72435	75525	76274	79966	82452	79892	83761	85491	88167	89146	91500	93877	93583	100108	108104	114914	128563	142954	160840	167224	171641	179977	195265	209619	209812	219428	232467	249150	261341	261290	272333	279553	291985	302077	311763	321101	318391	333292	347912	366302	387565	397955	422878	454194	484930	499752	500377	520654	525197	582565	555900	
%	8241	7452	5316	5960	5994	3912	4559	8559	13030	9331	4783	4217	4165	4040	4193	4221	4208	4476	4641	4826	5373	8467	11356	10326	9617	11227	11979	12054	12275	11936	12350	12583	12050	11329	10910	11392	11463	11343	11948	11937	12883	14767	16017	17559	18398	18357	18908	19367	22187	22448	20014	21573	21776	23910	23556	21475	22515	23283	23782	25800	28175	28970	28277	29416	30239	29929	29077	29881	29915	27923	27685	23103	16404	7391	354	
#	34074	16537	16958	17663	18553	18965	19937	41574	60780	41200	24208	26094	27997	30755	33337	36142	40135	45459	52738	61832	72044	86194	98257	108597	122199	140453	158897	176845	188875	200975	219426	239217	260387	283899	310112	339663	372011	408690	450299	496199	546257	597891	650409	704310	779767	838582	880154	944036	1058688	1129273	1156555	1235870	1317603	1411528	1505016	1597428	1703860	1817467	1938061	2072431	2224044	2348716	2445562	2555872	2677270	2808643	2952650	3124621	3326229	3522733	3758515	4073261	4490955	5233786	6296778	
>	92272	172508	203163	251490	277268	272683	287489	313208	365645	399401	410380	405008	398474	421400	460993	488609	500818	515392	533188	551895	589957	634026	674348	698862	746961	790512	825138	887553	908249	919372	945073	965721	1013848	1056966	1080484	1116154	1124588	1151500	1175832	1212089	1256950	1303533	1341483	1351012	1392197	1441927	1484443	1504247	1510491	1535165	1563985	1582323	1592660	1591221	1606256	1619723	1624522	1609946	1601482	1595535	1568774	1557763	1554108	1541247	1521465	1486433	1458115	1410352	1365550	1338660	1294341	1255376	1212287	1110805	1104911	
9	27966	43622	53846	64649	68940	65738	68369	76320	90976	97951	99797	100870	102361	107613	114998	120146	126809	134651	143647	154600	165431	181245	199735	218272	234570	248402	252182	271122	281533	286119	296213	293719	307448	324492	340537	350793	346853	363701	381774	398876	429549	465747	497956	506517	524604	551225	585032	615811	618343	643729	675474	702750	727877	730121	755233	776757	799137	815592	826580	837092	821976	841858	866271	889330	919076	928187	951350	975895	998297	1009789	995761	1006512	1008261	1065624	1077554	
B	14705526	12206461	12218385	12070966	11990622	12005458	11654426	11352710	11001430	10560096	10324595	10460110	10683373	10597266	10293512	10131931	10191123	10213549	10204429	10147858	9993679	9774456	9509167	9278281	8978892	8706006	8493553	8064643	7967959	8022344	7874082	7834911	7625451	7409663	7217408	7050274	7032705	6852473	6698400	6508091	6199533	5879495	5571610	5399227	5182253	4910731	4637290	4389654	4251613	4071640	3857504	3654786	3490573	3357240	3187982	3051126	2893886	2783070	2681978	2572563	2486846	2351932	2216986	2092036	1944143	1818098	1686442	1542658	1402864	1312556	1246291	1151727	1095900	806401	851765	
+	3376	4044	4269	4743	4628	4204	4101	4552	5394	5374	4876	4970	4970	5258	5374	5653	5906	6250	6644	7187	7592	8952	10116	11564	13047	13560	14568	14396	15261	15222	15983	16428	15862	15570	15707	15425	15690	16933	17596	18392	20489	22209	24435	26328	26608	26527	27788	29030	29588	30874	31739	33077	34653	35566	35551	35873	37317	39144	41091	43590	45867	46619	47778	50226	52292	51704	52834	54711	56262	55309	54470	50872	45693	37638	15647	
?	236326	433288	479192	575129	638482	661011	712826	776193	868205	915231	945855	936463	902695	938291	998479	1042872	1062550	1071467	1081404	1115131	1183706	1229738	1300035	1326482	1380175	1443713	1498834	1589391	1605111	1598774	1639506	1677795	1715628	1741223	1735908	1766707	1784639	1810041	1829938	1860629	1910680	1955650	1985373	2014457	2040154	2073819	2096767	2083394	2094981	2091197	2103237	2100863	2082774	2097939	2089705	2080421	2056702	2019472	1969082	1945021	1943213	1915846	1890289	1847305	1804276	1783527	1734354	1670588	1614669	1564833	1536483	1464556	1417942	1158365	893522	
8	12227	24605	28898	33568	36520	39066	41267	42700	47255	51057	53408	54964	54452	55618	62700	63990	65170	66740	69322	74340	81154	93919	101195	112025	118906	120064	125911	130793	128676	126570	128772	135247	138796	141535	147626	148947	154926	162558	169900	177822	193325	209459	227641	241656	245213	256443	271639	291322	301791	312245	327367	343344	357037	364999	377151	385351	397681	402231	414417	422274	423789	437567	451375	465080	483470	499147	515767	538676	556926	568033	568432	588305	591359	647110	622593	
4	8247	14821	18271	22065	24539	28499	30852	30797	34219	34142	34722	36215	37207	38905	38467	41227	44940	48596	51896	55929	63244	68142	75088	83324	88069	91011	92225	95880	94021	88249	92444	94714	95820	96494	98867	101116	101876	108760	116665	123254	136620	152723	169760	178725	181496	188620	203931	215378	218294	229775	241044	255100	268033	273422	283377	290186	301625	310518	315523	324046	329471	342724	356432	371932	390969	408036	429018	457135	484804	498907	506544	517827	519802	538141	502247	
)	2801	4485	4309	4613	4402	3833	3848	4920	6068	5716	4590	4346	4614	4651	4963	4993	5177	5438	5622	5952	6078	7267	8462	9267	10128	11386	12017	11959	12142	12047	12278	12432	12241	12128	12356	12307	13053	13408	14218	13966	14593	14999	15737	16997	16696	16204	16545	16961	18393	18631	18099	18891	18894	20201	20121	19677	19978	20907	21445	22673	24605	24571	24656	25141	25426	26304	26096	26833	26760	26073	26299	23632	19891	13972	4851	
&	259	543	522	564	596	632	677	811	1152	1046	742	745	806	874	941	1084	1176	1210	1314	1707	1998	2475	2892	3355	3816	4456	4811	4905	5023	4982	5323	5599	5494	5152	5069	5147	5121	5397	5919	5927	6645	7452	8234	8914	9372	9027	9507	9762	10206	10440	10434	10978	11380	12146	11747	11255	12148	12770	12838	14170	15205	15362	15297	16331	16578	16275	16142	16284	16277	15672	15113	12747	10225	5673	999	
'	1574	3142	2866	2954	3185	3136	3330	3773	4496	4340	4044	3883	3816	4262	4099	4304	4721	5018	5583	6092	6800	7591	9157	10631	12067	14015	14355	14949	15544	15014	15670	15633	15646	15106	15361	15439	15856	16942	17617	17889	19472	20960	22570	23518	23891	23103	24131	25262	25082	25954	26405	26991	28449	28374	28993	28180	29685	31051	31829	34167	35565	35516	35938	37458	38286	36624	36719	36897	36657	36374	34458	30465	26005	17154	5553	
(	4176	5157	4798	5093	5090	4638	4904	5792	7091	6673	5870	5648	5580	5834	6013	6102	6334	6892	6959	7677	8434	9538	11304	12988	14339	16397	17036	17571	17918	17790	18026	18226	17761	17887	18155	18045	18256	19455	20203	20168	21655	22611	24689	26059	25804	24833	25944	26543	26897	27053	27587	28903	29619	29679	29825	29457	30038	32077	32821	34460	36209	36096	36492	37490	37909	36715	36657	37306	37184	36031	35071	31243	27340	19852	7141	
5	16760	25733	30750	35625	39002	45065	46681	44641	48118	46874	47675	50416	51325	52977	52488	54402	56971	60169	63956	68695	74485	80447	88484	96537	100741	104307	105699	108852	108083	105878	109666	110768	112799	116215	118457	120112	122146	130693	139173	145776	159759	174998	190532	203102	206939	214204	228203	237995	249386	260074	273546	288201	300130	315602	326599	335103	347212	356500	359659	366982	383758	397838	411884	429193	450260	481112	503300	535632	560606	575999	596182	600209	581916	654727	662348	
