/	8698	11386	10773	12071	12740	13826	14521	16051	17993	18213	18733	18934	19761	20843	21470	22708	24460	26883	28100	31546	34318	37375	41202	45689	47341	51812	55109	58641	61896	63154	65347	67878	69070	70393	75490	80136	83905	93168	99889	100403	107831	115146	121456	131473	137518	143270	152398	160779	164056	168243	174343	182844	194347	204332	206621	206848	210365	217687	228244	238686	249812	262773	277155	294584	309494	317817	329594	353712	371743	378214	382305	368308	340489	348447	186679	
:	34404	53741	64948	78706	87586	90323	94730	103245	121897	129304	130033	134913	140749	149464	159352	171863	186252	202190	215841	233663	259267	288808	316179	344266	371594	402183	434641	467934	500204	525348	547733	571844	594345	624674	660421	696192	731173	777039	812107	840866	879837	928221	987416	1058381	1103967	1152956	1201003	1232923	1281188	1311782	1349454	1384748	1429549	1483934	1501546	1513149	1511973	1526481	1543226	1562054	1598793	1633674	1675767	1711707	1740113	1777888	1797499	1815365	1819720	1817141	1825604	1809815	1744360	1864417	1815248	
=	180961	319207	364697	444202	498397	522102	549791	586728	672643	720097	755644	779981	790720	832756	851945	903204	951254	995657	1046561	1101360	1182818	1238992	1343732	1447443	1544800	1640609	1695553	1792155	1881796	1944594	2007394	2012295	2068884	2136594	2228158	2311541	2308178	2358340	2410439	2465664	2530491	2626261	2749154	2810648	2875695	2948194	3015840	3065037	3060116	3080826	3109070	3140066	3173235	3150873	3137195	3115753	3100691	3087303	3072855	3052419	2993220	2990540	2997722	2979952	2964821	2902429	2860295	2792741	2731098	2677081	2598914	2549991	2515623	2235028	1983818	
7	32810	42246	50624	57862	63304	64422	66730	72996	85554	90958	91594	95825	98988	104772	112388	118509	129152	139217	147236	161510	177164	195413	212856	232879	249219	269398	288732	309445	330183	344455	360738	372868	382533	404517	433459	458679	476729	513059	541288	558021	589105	626265	669290	715766	746362	778779	822566	856971	882429	908947	936455	968880	1013034	1048151	1064370	1066171	1076162	1093027	1119340	1145574	1169095	1210499	1255787	1306751	1349927	1378100	1417944	1460438	1490778	1510654	1517456	1526297	1471924	1701893	1797347	
*	10536	11451	13668	14613	13142	11843	10854	12610	15713	14427	12177	12782	13731	14245	15023	15351	16724	17416	16112	16674	17409	18120	18544	19469	20365	21908	23211	23926	24257	24227	24904	25192	25783	26442	27206	27658	28650	31232	33527	32961	33466	34610	35381	37034	38367	39721	40981	42320	43250	43393	43343	44997	46358	49114	49702	48897	49095	50654	52289	54464	56026	58008	59515	61347	64007	64181	64949	67900	68959	67594	63738	55780	46479	30667	9504	
,	6581	8507	9397	10158	10352	11149	11829	12600	14113	13748	13623	14473	15145	15583	15914	16706	18550	19752	20413	22916	24812	26974	29109	32104	34050	36434	38980	41468	42979	44338	46527	47258	47105	48352	51799	54942	57493	63420	68012	68381	72371	77370	81226	86550	91308	93667	99541	105452	105401	107313	109814	114501	120730	125622	125732	124289	126518	130802	136948	143176	145360	153528	159954	168770	176959	175668	180098	190616	197993	199126	192544	180494	160691	146496	71731	
2	11443	18395	21233	23849	25809	25099	26079	29948	35211	36979	37090	38550	40153	42514	45098	46744	51018	55083	58499	64706	70327	76370	82557	90651	95311	102218	109515	116145	124035	128135	135034	138926	140889	148026	158313	166973	174246	192220	205328	209697	223391	238044	255327	276228	289824	303032	323615	338163	350791	361456	372634	391645	415386	435859	442164	439526	445334	455678	467841	483456	502351	527935	560664	598032	629673	650701	675578	721929	756350	774685	788517	778835	732102	843471	879656	
-	5223	6146	6444	6766	7017	7076	7057	8249	9590	9360	9285	9749	9979	10462	11153	11768	12793	13935	14116	15626	17328	19104	21171	23318	24733	26882	29213	30994	33156	34536	35116	36660	37027	38103	40984	43066	45334	50853	55038	55490	58584	62255	65115	69374	73937	76325	81367	84494	86595	89083	91077	95246	100065	104945	106643	108124	110463	115446	121945	129286	134986	141760	147413	154152	161354	165728	170985	181843	190170	191356	188173	175323	156938	144217	71037	
1	13724	20008	21937	24574	26622	28258	29454	31362	35004	35879	35995	37280	38705	40151	41327	44533	48777	52345	55965	61185	67699	74419	82133	90229	96995	104195	110347	119832	126877	130433	137676	143625	146327	151335	162802	173201	181821	200766	215859	221307	238663	258253	280769	308034	326519	342760	369141	389973	400017	411444	426645	449685	480001	501343	503879	495159	500730	509587	526337	545356	554476	585624	626104	673995	713409	726688	754028	806893	851498	873640	876564	865765	818941	888911	494405	
C	5376692	10070291	9010640	8216056	7613877	7522757	7519419	7067673	6339867	6080606	6078881	6134349	6030907	5776070	5981358	5872255	5665317	5420393	5186278	4901527	4508336	4374239	4036300	3700429	3487527	3236176	3206969	3039272	2848674	2672151	2557396	2601444	2622373	2538967	2296741	2144577	2138152	2020578	1881419	1808793	1703230	1564015	1402517	1316724	1236449	1171655	1099474	1030123	1012044	975587	936084	891462	837792	805211	783912	775755	759888	721813	665186	602225	558301	512664	470157	424135	390301	378185	356167	325088	296795	274697	259340	244947	241569	181058	278711	
0	7598	12148	13467	15057	15860	15669	15603	17988	21383	22519	22535	23237	23984	25678	26773	28244	30389	32759	34883	37939	41305	44835	48496	52704	55523	59744	63363	67778	72075	75317	78674	80730	81229	84627	91339	95492	100344	109717	117403	118436	125623	133697	139173	148584	154120	159116	169331	176461	180821	184834	190980	199908	209098	217805	219129	219324	224253	229460	238711	246585	251939	263555	275921	291237	306300	311449	322620	341787	357127	362951	361495	352850	330810	364166	205800	
.	10424	12028	12618	13300	13803	13819	14049	15612	17968	18573	17691	18350	18872	19770	21308	21720	23571	25428	26645	29320	32497	35232	38551	41865	44365	47817	51905	55405	59221	61428	63885	65923	65988	68046	73073	76576	80605	89666	95220	95969	101150	106954	112820	120404	125161	129959	138285	143805	145631	150075	152883	159009	166597	171979	174006	174015	176076	181488	189482	197622	202405	211104	219095	231026	241386	244433	250665	265220	275870	278214	272204	258847	236117	229467	117926	
@	1678873	1584595	1715129	1894288	1995603	1931114	1961380	2094009	2307622	2507692	2598175	2534931	2484128	2540018	2589579	2635346	2663284	2697028	2742706	2789462	2868039	2965228	3076368	3216236	3294300	3364967	3446290	3532589	3589465	3622848	3661769	3710658	3751461	3786995	3846264	3869748	3917123	3900454	3895982	3914152	3918120	3914522	3932597	3970990	3956594	3943271	3894829	3900517	3897013	3869636	3840352	3787155	3718436	3687978	3652895	3629757	3578514	3516995	3483881	3402205	3348371	3250913	3148427	3036640	2923026	2855460	2763978	2637273	2513375	2412554	2338648	2267724	2239843	1841539	1665982	
<	115665	158802	184117	212600	225437	210874	216164	240048	284909	309389	311309	315941	319077	334689	353854	372911	390525	407913	426873	448512	479238	518124	553171	594552	632069	671770	706714	751198	794379	817846	842229	861610	884412	918763	964616	1000589	1026742	1066324	1095469	1116918	1156107	1198857	1260329	1327790	1365828	1410106	1451000	1482223	1521201	1541773	1567972	1589941	1625385	1656465	1667685	1664839	1659797	1668745	1677770	1680104	1698304	1712843	1730554	1742897	1748414	1765428	1771785	1762756	1747047	1730406	1720256	1703336	1661105	1664287	1552275	
;	106468	174289	197872	233272	254952	259732	265795	275020	306007	319810	328871	339143	344563	357061	366133	384803	402856	420906	442400	465774	494986	522162	553319	595251	631880	668743	690454	727593	761022	783977	812508	826057	851930	884828	931167	969777	991726	1028458	1061950	1093505	1134076	1185491	1258958	1316954	1363612	1416295	1468926	1512931	1548932	1575831	1608608	1644665	1688577	1723658	1737528	1737668	1734353	1736855	1751328	1758017	1767025	1795835	1832369	1857231	1878279	1897178	1908714	1906589	1900152	1891521	1874104	1868222	1824171	1800069	1693312	
6	24365	39786	46238	53347	58181	61097	62431	66592	76465	80564	79592	83747	87170	90277	98817	103576	113992	122458	129426	140135	154146	172489	185712	198292	209424	225820	244120	259264	273513	282029	295540	311596	318025	332437	350084	367724	388675	419670	445068	456731	482009	512771	552895	602057	630682	660034	695356	720779	750043	774443	794851	825389	868367	907697	916981	906530	910948	923892	937581	961157	987483	1028085	1084340	1137958	1181960	1212063	1242414	1301406	1344450	1365494	1386817	1380731	1336496	1340753	1274324	
A	5495219	5123152	5520778	5881541	6220217	6229154	6412768	6852062	7355302	7693303	7818437	7686925	7635443	7796245	7665149	7721978	7716106	7771277	7842092	7926142	8058435	8006091	8218999	8374043	8493380	8599314	8479128	8566900	8574476	8585568	8582156	8381059	8335582	8296970	8288714	8250778	8041407	7916933	7817127	7749228	7646049	7525558	7371986	7086558	6925774	6752827	6563281	6410544	6186037	6040721	5902943	5715181	5499464	5253183	5136559	5083361	4996174	4883544	4732218	4578796	4386071	4165296	3934378	3706188	3491133	3314147	3132237	2897875	2692849	2551524	2416776	2289987	2257548	1724038	1658925	
3	19384	28191	32379	36990	39811	41924	43692	45884	51333	52828	53698	56022	59026	60959	62426	66302	72721	79149	84579	92020	102313	109108	118620	130917	138762	149191	155221	165448	175370	180690	189411	196152	199977	206050	221037	235866	242746	263188	280429	288377	308156	331241	360993	387155	407779	428379	457639	483057	491486	502670	517550	545972	581144	596975	599593	588647	592510	601813	620780	638916	642512	674976	719515	768359	808711	818536	851331	904514	950857	971800	973665	982822	946102	1044606	1016354	
%	12244	13323	18837	19417	11591	10309	11123	17953	26379	20394	12150	11740	15293	15431	16677	17255	21442	22348	14076	14868	18528	22156	23515	22543	24321	27066	33404	35960	31728	31384	32094	31702	30793	33884	37115	36574	36178	39577	45765	44000	41651	43988	45860	48899	53721	56321	59293	60073	60451	59911	57753	61373	61269	68790	72558	65163	64929	66230	69080	73369	77062	81348	81420	82470	85790	85594	84617	87466	88920	85094	78209	62999	45989	20229	1043	
#	50379	34028	96190	97541	40847	72765	76487	74332	98369	81579	68284	75300	86196	97613	130186	143847	144810	164988	183124	211549	245909	284991	322694	362824	411562	466231	528877	589222	636354	692373	758776	830067	906592	1013278	1105356	1178997	1278386	1387669	1512064	1637487	1765117	1907225	2054561	2209164	2407963	2577141	2718326	2895634	3121832	3317004	3480667	3710675	3946158	4218704	4499090	4763041	5070800	5410210	5768028	6159882	6580426	6927737	7207730	7505599	7823096	8156812	8519848	8939646	9416173	9915235	10490169	11220705	12196519	13873067	16088431	
>	189343	327776	379376	461009	514413	514840	529939	578519	673326	734286	756009	760182	773001	820335	874936	924874	968246	1013325	1059433	1114627	1193183	1273556	1365593	1441566	1534293	1619138	1694303	1796983	1866230	1924302	1983559	2029219	2087598	2153647	2218574	2294805	2328933	2368376	2411093	2458872	2511156	2581771	2658982	2692265	2740295	2795824	2839626	2862739	2868516	2890157	2908823	2913934	2903371	2876941	2880049	2890149	2889964	2864363	2837362	2812318	2766532	2727159	2688237	2632661	2580347	2531556	2471991	2375159	2287883	2228032	2156656	2102948	2046330	1863920	1864956	
9	65670	92772	108934	126925	135699	131505	134391	149470	176638	189401	190091	197339	205314	215118	228810	241874	261452	281788	300818	324243	350555	374720	407067	441275	474199	510315	532851	568136	602710	630116	657792	669892	690063	722885	771725	808147	823222	864956	904213	928838	972632	1027316	1093118	1138514	1182330	1229651	1285637	1334589	1351155	1379705	1414805	1453871	1502632	1518998	1531565	1532454	1542473	1558138	1575662	1591485	1584925	1620299	1663802	1709225	1745225	1751019	1769200	1789992	1806514	1810600	1788854	1792824	1757940	1854777	1868073	
B	29010627	23894281	24049451	23814901	23709621	23731036	23380613	22973429	22392775	21852571	21528673	21565489	21696760	21482348	21092333	20821788	20713772	20571614	20412555	20164188	19794845	19360004	18718405	18126390	17552006	16997463	16532407	15861185	15456525	15193467	14814520	14600007	14222403	13794874	13362084	12936737	12730787	12351777	12002359	11695008	11239711	10690799	9998234	9431712	8939972	8459980	8016449	7625324	7350181	7094808	6824968	6488106	6116484	5816683	5649200	5587263	5455363	5279656	5033108	4776786	4543083	4223228	3888333	3580679	3305358	3137383	2934078	2685142	2456148	2296667	2167861	2035503	1999838	1470177	1608116	
+	9562	10479	11749	12392	12340	11798	11489	12438	14238	14418	13724	14150	14671	15318	16065	16647	18032	19218	19784	21061	22313	24107	25683	27757	30004	31630	34002	35588	37442	38873	40549	41461	40808	41721	44290	46331	48517	54484	57182	57311	60201	62847	64499	68092	71107	72604	77055	80089	80274	81950	82937	85528	88688	91373	91311	92336	94855	99124	104823	109757	113918	117913	119956	124151	128949	129148	132201	137986	141784	140534	136298	124000	108992	87917	37126	
8	27759	50840	57417	65860	72150	79462	82261	82486	91686	95896	99761	106848	108002	111064	119653	125064	132688	140341	145725	156089	169751	186548	197145	213987	227290	238433	253036	265888	274758	281768	291714	305799	313427	322782	343307	359701	374972	397448	416867	427855	449257	472968	509132	545295	565297	590684	615691	644369	663743	677141	693252	719854	752517	774185	780040	771778	773771	774545	792065	806508	813812	840102	875621	908674	937669	952261	971037	1005301	1029290	1040407	1040320	1051850	1029388	1109856	1091339	
?	459122	812636	893487	1068633	1210108	1259969	1317347	1426669	1599571	1701009	1761871	1765772	1752975	1827800	1894332	1950010	2000115	2044558	2092148	2176483	2307694	2423693	2608340	2746156	2857869	2980851	3088202	3220004	3301479	3356324	3422002	3469704	3507510	3551419	3577412	3640361	3661826	3674138	3703171	3725187	3775998	3845475	3946823	4035224	4079996	4113336	4118917	4085717	4088357	4061849	4038710	4002881	3953826	3936097	3886560	3832726	3766688	3690531	3607915	3556630	3527888	3459391	3394800	3310757	3229842	3173351	3077830	2951122	2835129	2735295	2671357	2563576	2507455	2013639	1534394	
4	18288	29549	35083	40859	44594	51097	54455	54160	60282	60908	62484	66983	69951	71573	72085	77040	85045	92169	98004	106142	118204	125451	136235	149594	160493	171096	178259	188556	194827	197129	207504	214433	217612	224316	239737	254141	263104	283683	301541	310238	328475	353726	386671	417226	438619	459387	490123	513038	524661	539981	554216	580009	616532	639655	641959	630094	631591	638800	652153	670664	684223	720672	762740	811232	850606	866513	894711	942541	987085	1009907	1021525	1020743	986720	1009716	915582	
)	7484	11128	13231	14251	12868	11963	11564	13712	16954	16147	14203	14531	15758	16243	17435	18017	19817	21057	19719	20724	22094	23273	24076	25220	26713	29204	31219	32257	32344	32761	33426	33971	34562	35315	36726	37606	39242	43098	46684	45323	45816	46455	45501	47012	48046	48629	50438	51044	51972	52119	52171	54133	54157	56721	58935	58764	59975	61961	65257	67609	71021	71976	71023	70667	71422	72602	73177	75801	76440	75169	71794	63782	54584	38385	13686	
&	657	1313	1536	1741	1678	2058	2113	2502	3353	3032	2728	2953	3459	3724	3964	4199	4990	5355	4999	5900	6834	7502	7867	8646	9924	11045	12552	13209	13481	13879	14424	14869	14515	14816	16161	16828	17698	19757	21624	21234	21969	22727	23596	24465	26374	26360	28182	29453	29145	29380	30025	30758	31381	33114	33399	33007	34774	37205	39235	41868	44124	45540	45366	45707	46946	46467	47081	48599	49302	47828	44390	37556	29611	16093	3314	
'	3599	7283	7987	8752	8675	9677	10173	11094	12628	12300	12386	12826	13194	14381	14710	15353	16992	18516	19568	21287	23176	24569	26209	28487	31132	34089	36472	38756	41107	41983	43495	43649	43435	44449	46711	49255	51219	57327	59957	58602	61580	63488	64860	66605	69324	69596	73082	76053	75248	75587	76859	78398	80323	82381	83275	84076	86653	90363	94672	99020	102386	104774	104021	104141	106699	105232	105857	107838	109433	107898	100849	88576	73364	50730	17911	
(	12808	13488	15369	16132	15290	15477	15356	17293	20711	19692	18641	19037	19960	20837	21467	22362	24282	26181	25910	27878	30462	31543	33363	35562	38433	41730	44316	46757	48155	49255	49910	50508	49793	51447	54187	55991	57728	63580	66723	65332	67915	69160	69639	71291	73442	73536	77169	78484	78361	77731	79063	81007	81609	83248	83628	84878	86545	90502	94139	97023	100213	102032	101473	100446	102128	99971	101339	103786	104649	103225	97815	87402	75550	57958	23189	
5	40054	53399	61058	68999	74080	84470	87007	83930	91180	90782	92296	98382	101029	103322	104944	109813	117240	125417	132076	141608	152679	161468	173453	186320	196787	209192	217299	228176	235946	241976	252862	259608	264613	275712	291612	307675	319803	345709	365867	376478	396927	419188	447786	480196	500682	523269	552103	573506	595717	611284	627357	654843	690152	724650	728955	723123	724439	733766	747203	763647	790521	824881	867305	915294	953320	982676	1012816	1062340	1101083	1122121	1143447	1134126	1073076	1186670	1206470	
