/	6853	19296	17613	22738	31636	34662	39150	48217	60130	70261	74603	79555	93882	92632	86912	91102	86954	89062	83311	70083	68245	74505	98793	110921	109001	114445	116189	116322	134757	146269	164989	163668	170721	184235	175840	168140	162523	135203	137656	159496	152429	154678	147501	141359	151080	153736	165532	177126	176400	170670	168421	165917	174842	181048	180084	197162	195532	190092	180511	168500	158182	156422	161721	166288	169703	174360	177813	191544	192703	181895	172676	161696	135248	106328	16867	
=	281929	510952	552346	630464	745013	811242	853932	954865	1080397	1147197	1193014	1224290	1278781	1288526	1305459	1328086	1295988	1286330	1321654	1274802	1219564	1246601	1318382	1333051	1338943	1402634	1478498	1491872	1531726	1536927	1527564	1517002	1508799	1463038	1466291	1450078	1444301	1406265	1309361	1237227	1169797	1169453	1145233	1156131	1175956	1137694	1146343	1118843	1091680	1084166	1083300	1084079	1031993	990498	948264	879311	846658	816333	794097	778302	771302	752688	724482	707284	686129	650319	618375	575988	542672	535053	513988	481206	473959	386461	401023	
7	66780	97951	112078	137576	172324	188087	203865	241069	279996	308396	325941	342981	377425	379473	377747	385090	373376	372756	377147	358967	359207	389050	453178	490559	498277	518148	538983	547284	596772	625720	662936	670158	685822	699900	686583	665035	656332	609215	602127	641742	621986	627619	616589	615167	646366	643953	678315	696127	690165	682663	672984	666612	670825	677624	678519	687396	674827	649092	624574	596740	579914	572608	574636	588458	604282	610022	618603	624299	620444	610041	600218	593033	564802	579434	511851	
,	7912	12665	12070	14873	20266	22371	24917	29452	36344	41318	43128	45150	53676	53111	51161	53078	49615	52393	46996	39821	39533	43045	56867	64822	62499	65987	65995	64857	75444	80136	91379	90541	94597	102284	98940	92838	89132	72994	73487	83430	77040	76909	71206	67417	70974	70928	77213	82536	80942	77488	75275	73658	76586	78940	77353	84356	82106	77460	71607	65360	60152	59807	60884	61799	61851	63263	63436	66946	66362	60802	55739	49396	37847	23699	2614	
2	22520	39849	46867	57537	71701	74635	80211	97677	113496	127638	131881	140308	160907	158713	152451	155916	148255	146536	145206	137137	138791	152402	189284	213760	215042	221191	221853	221838	248522	265742	291804	293491	301082	322422	309494	290174	283893	256854	273608	318304	319730	323126	314915	309530	325995	334044	354535	372355	372175	359417	346714	337349	353133	369389	377284	408268	416533	414338	400381	378580	359378	355737	368057	381961	392388	404781	417832	437234	443660	429570	417644	411209	371461	420747	429012	
1	14955	34692	37792	46786	61983	70229	77762	94392	113575	128194	136242	142649	165874	165258	161293	166704	159146	161100	154913	138432	137307	154250	205206	233612	233599	243206	243905	244685	279858	302437	339303	341144	347169	378100	362871	342518	336571	287242	299484	353938	348526	350080	336975	326266	346442	351860	376467	396694	395854	380826	369287	358798	376437	390627	388592	422700	420371	406547	387516	357270	333441	326769	339042	352549	358349	369785	375720	396432	399788	380371	367525	360049	316229	302603	56158	
<	167599	256830	288908	335453	393672	421176	421620	484432	552802	603334	615315	627790	656389	667172	678328	690411	681568	677730	696517	674032	649919	679956	731544	750277	761987	801361	848426	860676	898763	922011	940851	947693	962520	955322	958942	953955	950898	910637	858858	840858	808923	810993	800549	811284	843314	829512	859476	860657	853096	859623	860198	867615	839209	827641	803805	771632	742174	702000	674749	649511	643426	629103	617186	617974	623136	610044	592606	568510	543034	533328	515817	496863	480461	425460	376035	
>	306240	536001	615095	685835	781957	827718	836875	939802	1044249	1113054	1131216	1132994	1152477	1168885	1194643	1210337	1198754	1195187	1223721	1213106	1154913	1151241	1148954	1129013	1150027	1195329	1241939	1248946	1233982	1223722	1189234	1190229	1179006	1134144	1152664	1170297	1162100	1167069	1097556	1014288	975412	968589	966652	971189	959301	944829	928652	897139	880778	882699	886774	892632	850568	800847	778191	715571	693162	686949	681534	680988	682729	668037	649101	626414	595434	553711	528230	483942	456527	452026	436800	399882	399818	333109	353710	
B	13808026	8752237	8724997	8260992	7759817	7524976	7552862	7052553	6297165	5798709	5642170	5469844	5112238	5072749	5036341	4922187	5033357	4997402	4918971	5173354	5411482	5223319	4613204	4341472	4231999	3774564	3308436	3179093	2726019	2477097	2204541	2128610	1973367	1844446	1834021	1842547	1793235	2108314	2294509	2104551	2271250	2161002	2202054	2082996	1717482	1672319	1344345	1167924	1120095	1092756	1037489	951468	879545	768919	735962	632466	628578	689265	759669	860513	844094	829307	753033	623368	513939	434097	366573	292453	263774	256871	236940	192569	201911	113243	274537	
?	508649	845357	902192	989456	1147698	1258718	1324105	1438358	1610660	1677270	1746884	1795867	1868146	1865052	1877358	1911042	1859941	1843087	1889694	1828963	1711712	1712816	1776680	1772116	1777747	1882023	1996645	1995070	2034499	2023772	1983648	1955157	1938633	1854381	1867467	1852199	1839468	1822434	1703725	1619119	1508788	1515660	1484491	1492602	1512100	1454852	1451315	1405158	1361437	1338751	1317810	1314466	1235767	1180334	1125834	1039403	1015765	991535	968743	951273	941089	910758	873196	843796	794282	740319	688593	626501	576666	562185	531756	493444	490724	338361	392410	
&	197	1639	1680	2112	2997	3208	3607	4310	6034	7068	7754	9051	12072	10892	8845	9555	9024	10897	8696	6978	6925	7326	9325	11098	11332	16769	18394	17664	22236	23725	27683	26951	29861	31991	31915	32225	30400	24416	22994	25289	21237	21990	18850	18645	19955	20019	24387	26876	26286	23990	23866	25917	26693	28334	26610	31715	29018	27569	23604	20331	19173	19256	19392	19342	19515	21186	19888	22243	20769	17744	16255	13307	8455	1355	44	
(	5958	12492	12781	14203	17013	16032	16483	18411	24284	27770	29131	31310	39317	35936	30818	32977	31619	33642	29492	25158	23102	23960	27412	29277	30661	46215	48403	46436	53346	55478	60140	58800	61101	61980	61153	61970	60183	54532	51411	50523	46303	46800	43115	42580	43966	43202	45667	48456	47780	45034	45069	46629	46042	45730	44316	48393	45213	44258	40379	38512	36627	36723	36312	35011	34072	33907	32725	34031	32500	30052	27704	24420	17076	8157	399	
:	59858	116457	136400	168183	216653	252726	274992	325545	387731	428958	449686	468101	500738	513905	523750	531382	522419	524288	535712	509294	500190	534311	595593	625517	640619	674371	714692	729554	775882	800712	827803	839098	851523	854118	849637	838202	832107	787823	747374	746823	717558	720898	710117	714629	749732	742069	773602	781296	773545	775515	775621	780833	767697	759065	744863	724614	701093	664278	638627	612998	606605	592809	584520	594524	602909	596855	590055	579664	564050	553740	542434	530317	512745	473882	421048	
*	14015	14488	14946	16614	18311	17299	15382	17444	19005	21885	20845	20491	22961	22504	21965	22129	19876	19496	18938	19119	20387	21418	24747	27758	27245	32523	29995	28914	30406	31078	32912	33109	33228	34891	34080	29298	28878	30166	32572	34325	33788	33086	32245	30965	29751	29841	29447	30436	29755	28715	26498	25124	26041	26340	26514	28889	28957	28341	26692	25983	24184	24642	23989	23557	22610	22829	22217	23309	22022	20347	17818	14738	10138	4409	318	
-	7901	11138	10501	13180	17650	19071	22671	26815	33075	36690	40250	44877	52706	50895	46225	47782	45042	45514	42354	37806	36762	38995	52160	59669	57510	61801	62368	61421	72003	78404	87623	87397	92510	97343	96035	89978	86490	74225	75732	85581	79364	80712	76203	73115	78413	78900	86098	93096	92207	89105	86914	87634	91645	95010	94157	103605	102319	98319	91498	84022	78420	77795	80198	84660	85136	87412	88748	97200	95966	89388	82759	75107	58630	39092	4986	
C	986845	4403478	3864383	3677317	3183621	2988894	2667648	2151512	1838799	1692843	1507938	1417331	1231267	1242562	1216305	1084215	1189956	1208320	1069329	1110037	1326247	1290908	1177725	1115307	1009011	755668	640406	622540	497535	441143	384473	374410	343335	346815	308130	297042	287308	352548	399853	352505	464864	412960	434949	426940	344834	320714	219638	180222	179864	179893	173130	150443	141654	123890	117404	86779	86089	97335	123045	146546	145526	147884	126516	91475	75098	68832	51604	39071	38019	39186	35355	25548	26721	12449	52267	
0	10110	25253	29610	36213	44631	44436	49076	59648	69545	79899	84246	90479	105635	101663	93885	97145	92578	90229	87144	83496	82297	86807	107501	119711	116924	120894	121326	119909	133516	144012	155045	155339	157427	166260	161722	151165	146816	133281	138868	156614	153781	153989	148866	144030	149503	151339	159586	166685	165793	157789	151668	149288	153770	158649	160323	170601	174017	171442	163162	153300	144164	142223	146705	150350	152892	155599	159657	167660	168208	160606	152817	144009	122246	106135	20771	
.	6203	15445	15846	19726	26557	28362	32234	40123	47753	54919	58252	63030	73200	71307	66775	68410	64057	62977	60698	56273	56044	60174	77642	88602	87048	90092	89313	89049	99814	107089	117935	118161	124574	127976	125117	115481	112030	98885	104831	118008	112722	113620	108144	103216	107570	109344	116756	122510	120439	114888	110745	109247	112702	116193	116708	126508	127005	123245	115178	107091	98788	97430	100083	103326	104093	104938	106935	114158	113208	105280	97382	89088	70689	50619	7452	
@	1371041	1526618	1596318	1662300	1721880	1742398	1739870	1821776	1930168	1997910	2006759	1996592	1996967	2008251	2041664	2058373	2054181	2047351	2073788	2026693	1914872	1861502	1792466	1726356	1734044	1771118	1822936	1832385	1773057	1724004	1644865	1618361	1580236	1498306	1517699	1530759	1515746	1566280	1473283	1337157	1307486	1275213	1279289	1281622	1248088	1214529	1142837	1081235	1056031	1041046	1025235	1007555	949399	883736	847067	759952	750213	754154	768159	788047	785056	770496	733901	676918	621550	565936	510776	446780	411767	405703	383152	341066	343050	249256	317931	
;	154740	279949	301454	345911	404654	428332	439612	493263	554443	589965	610757	633038	667851	672029	675230	690044	678160	676784	690168	664872	647931	677666	739952	763491	773162	805035	837291	847526	891509	911244	928765	933657	939838	932250	927403	913195	906980	865379	821969	805319	777887	778109	766735	775686	797935	785849	804321	802371	792645	793667	795296	798288	778240	763531	744689	708832	682371	645629	623328	608252	604264	594529	578944	577205	580508	569505	557325	533133	517003	510832	497233	478373	459336	436796	386177	
6	36947	80390	89155	108915	139177	155526	166986	197960	234211	257672	271312	291570	323013	322230	315426	325015	317934	322101	317577	290490	290657	313696	381274	422582	428057	448727	462861	469200	525717	558495	611112	619267	627381	667863	642447	627613	628780	551095	559728	633099	624995	634172	622022	612663	649514	656575	698017	729129	732991	719975	704497	689794	712581	737095	740593	783243	771131	751795	727844	687945	662568	651696	663028	679000	697197	714907	726527	737958	740618	715166	703016	701831	672683	629523	529262	
A	2908376	2920378	3075273	3101712	3210086	3192351	3214466	3366414	3377663	3373627	3376259	3315911	3259092	3239985	3254807	3258610	3228670	3207498	3236026	3321307	3190566	3028465	2777269	2635465	2627261	2627020	2575976	2502877	2302201	2166270	1988400	1934718	1851892	1710923	1757825	1776383	1745989	1927120	1927207	1752142	1744594	1709541	1720386	1677825	1520095	1481427	1302945	1184479	1142437	1121176	1081460	1037738	961865	865406	833515	734625	728033	767865	801551	858710	851699	827700	777536	686239	590879	512487	452263	379094	338446	334885	314935	266055	274978	171846	302532	
3	29786	55167	62686	76230	94821	103447	111712	131117	154125	171335	179865	193328	218174	214909	209382	215748	209068	210169	207014	193183	194147	218050	273943	310144	314928	327793	327882	332768	372966	401453	441743	445610	457501	490501	470031	443661	438180	392816	416780	491294	491361	497232	483788	470985	495520	504349	536301	559915	561758	539564	515335	499459	520707	544895	551801	595177	602811	591020	570526	533750	505291	497479	511113	531078	543039	560643	575196	592119	599206	578452	563876	559647	512481	587173	509037	
#	4551	6491	8611	11595	15216	19356	24583	30983	37433	44437	53539	65320	79652	96172	117500	146027	183884	234572	297947	376100	463442	552266	646909	743176	847142	958794	1072391	1196790	1330385	1467119	1610579	1758418	1920132	2101815	2293493	2499504	2723760	2935578	3134507	3331715	3515699	3706673	3911752	4137690	4382523	4626239	4870441	5114757	5358364	5612246	5874670	6148758	6437301	6725377	7006257	7277017	7531613	7776795	8019897	8287472	8597365	8839319	9050780	9275328	9512763	9756937	10012686	10277000	10549165	10842562	11185806	11599364	12105588	12909665	13774792	
%	13408	9018	8705	9078	11880	10472	11171	12088	14578	15654	16759	17445	20403	19781	18054	18775	17839	21319	18083	16027	15601	15116	18383	20447	22329	29346	30754	29415	35587	37609	43464	43297	47818	109403	54306	85866	86599	48201	47011	70883	92067	63328	31504	29935	32073	32470	37701	42560	42171	38867	67155	39911	41118	49657	47549	50616	45088	51478	46327	36310	31335	31601	32255	34027	32306	36286	32601	36892	34293	28965	26221	21344	11656	1236	23	
9	119136	192677	219510	259132	310839	326792	331424	390558	441517	485694	498588	518646	552975	554765	549900	559138	548953	546146	555127	545141	537670	565452	625428	655962	664330	690771	716163	724812	764583	785839	804521	809233	820869	817912	815360	795853	787409	764528	742560	747695	720426	724324	712778	714808	736921	729860	756148	759006	747574	742309	738514	737757	728400	718706	706890	691204	676216	646390	621167	598310	588212	576695	569731	575973	583603	578969	575583	566729	556035	549334	538326	527622	506147	506292	445833	
+	14195	17258	17034	19863	24128	23977	24002	27237	31878	36121	37410	40780	47951	45902	41454	42906	40777	41106	37858	34123	33581	35398	44624	49284	47894	56711	57863	56028	65233	69527	77498	75876	79122	83779	81621	79674	76714	65009	64590	72168	64911	65273	60169	58013	61303	60804	67969	72723	70919	67924	67828	68353	71176	73952	71101	80299	76032	72340	65337	59061	55452	55092	56012	57988	58475	60679	59993	66567	64584	58713	54377	48364	35747	18382	1647	
8	42495	110253	116021	133704	160807	176778	195804	217335	253273	269645	284943	310651	337037	335147	333211	342221	338679	345277	342606	316608	313959	338565	396359	432883	443575	465755	482656	487025	538324	570020	619581	625673	640618	669077	652220	639658	635703	558603	565280	633009	620594	626820	615619	604156	630397	632744	670510	691003	695744	681351	664643	653804	668347	688048	690001	718688	701961	677298	656004	617787	598693	584476	589427	600451	616055	630160	640385	644957	643300	624571	609820	607666	585609	527433	405821	
4	23410	49007	54002	66245	87559	102985	114820	134245	163596	179006	194094	210496	237527	236942	236217	245307	239718	245245	237851	210660	211725	236432	305632	347964	351123	370870	382578	388157	447043	478704	539027	541208	553062	601493	568715	553874	548081	465227	477785	560872	550841	557882	537831	524105	558939	563288	604596	633437	632274	615099	594414	576972	596856	624121	621095	667862	656998	634693	610638	568497	540896	529003	540359	556535	571216	589146	598338	617076	620435	595984	583682	581701	544360	561037	492490	
)	6736	13830	14952	16217	18803	16716	15962	18218	22376	25828	25592	27123	32255	29433	26221	27579	25810	25611	24747	22613	21625	22154	24831	26706	27817	39827	39643	38769	42558	43505	44907	45572	45947	45858	45314	42302	42061	42240	43236	43519	41293	41285	39653	38843	38220	37709	38371	40177	39638	37471	35904	36370	35875	35692	35567	38881	37835	38291	35316	34218	32077	32369	32143	31581	30379	29949	29283	30550	28722	26305	23924	20084	14022	6602	344	
'	946	8613	8417	9599	12666	11915	13082	14838	20765	23475	25721	28980	36857	33608	27701	30817	29156	33014	26874	22498	20718	21345	25492	28201	29693	45071	48994	47328	56253	59529	67326	65552	69514	72896	70931	72776	70230	58391	53998	55948	49339	50290	44002	43375	46049	45000	51690	55641	55475	50713	51347	53747	54793	54834	51532	58885	53567	51723	45637	41495	39121	38608	39135	39219	38757	39983	38909	42135	40260	36919	33298	28026	18491	6432	298	
5	64144	96592	104218	122702	146445	157574	171575	191804	221395	236689	252367	276483	305016	302072	295433	304353	298107	299322	296302	275288	273340	295270	355702	393258	401635	418402	428707	433251	481965	513669	560810	565061	583256	610739	594194	568201	563564	499891	520521	595020	587470	600155	588279	574694	602150	612463	653240	681892	686149	667065	644400	636246	660654	688333	700021	747811	749175	734592	715164	676787	653238	643400	659044	678783	699916	724615	742986	760286	768255	745585	733168	735437	689153	735245	584772	
